Label: DJ_MDA-MB-468_30-1-2014
Metric: Phase Object Confluence (Percent)
Cell Type: MDA-MB-468
Passage: 1
Notes: 
Analysis Job: MDA-MB-468_30-1-2014

Date Time	Elapsed	B2	C2	D2	E2	F2	G2	B3	C3	D3	E3	F3	G3	B4	C4	D4	E4	F4	G4	B5	C5	D5	E5	F5	G5	B6	C6	D6	E6	F6	G6	B7	C7	D7	E7	F7	G7	B8	C8	D8	E8	F8	G8	B9	C9	D9	E9	F9	G9	B10	C10	D10	E10	F10	G10	B11	C11	D11	E11	F11	G11
30/01/2014 17:00:00	0	15.75452	13.92839	15.63619	16.2921	14.89168	14.11852	14.24562	15.08593	14.49174	14.32081	14.73375	15.97321	15.78094	14.01332	14.17295	15.55517	15.27921	15.30262	6.596726	6.899142	6.794629	6.62225	6.412638	6.554659	7.608313	7.102777	6.913023	6.490419	6.102384	6.065014	7.646788	7.530393	5.918675	6.012688	7.299644	6.652678	3.48157	3.49694	4.209942	3.531651	3.629185	3.453284	3.490067	3.406796	3.424099	3.637994	3.038033	3.066078	3.106557	3.031263	3.325942	3.103172	3.326495	2.547248	1.329817	1.116856	2.09214	1.287992	1.970567	1.603703
30/01/2014 21:00:00	4	16.65099	14.66726	16.59099	16.9208	15.91792	14.2107	15.28949	15.53814	15.29029	15.06493	15.32144	16.43726	16.12573	14.63669	14.98698	16.07807	16.20607	15.87415	7.225386	7.115384	6.860149	6.921626	6.780228	6.662281	7.910969	7.409027	7.497028	7.069932	6.269376	6.35679	7.85032	7.927132	6.412154	6.395855	7.512501	7.064372	3.600623	3.641965	4.38422	3.581662	3.754041	3.559384	3.60121	3.54108	3.647042	3.812031	3.27714	3.135327	3.37616	3.233207	3.485439	3.363899	3.756043	2.515818	1.414712	1.214149	2.19306	1.370054	1.928016	1.726866
31/01/2014 01:00:00	8	18.18754	15.68965	17.9952	19.07279	17.59508	15.72603	16.96248	17.55578	16.71471	16.65534	16.40418	18.10497	18.28436	16.14846	16.44466	17.73455	17.56427	17.92336	7.721146	7.883889	7.087926	7.575534	7.740695	7.005483	8.454732	8.00688	8.450315	7.774438	7.054046	7.248701	8.398264	8.679991	7.132168	7.668958	8.23041	7.514645	4.033487	3.895543	4.882639	3.947937	4.109575	4.100077	3.976569	3.664449	3.908874	4.211463	3.845187	3.587913	3.671426	3.490447	3.708658	3.865322	3.953324	2.82072	1.459473	1.235598	2.398976	1.645115	2.033115	1.850443
31/01/2014 05:00:00	12	19.63748	17.50307	20.01802	21.30526	19.33532	16.941	18.33188	19.16525	18.88669	18.20544	18.60449	19.91586	19.83922	17.6883	18.37875	19.3617	19.52938	19.85107	8.21397	8.741882	8.347597	8.403963	8.387971	8.055508	9.581366	8.724579	9.195887	8.565013	8.109355	8.3362	9.452503	9.694578	8.299002	8.240253	9.016944	8.523394	4.420901	4.385983	5.22726	4.2842	4.632585	4.611447	4.496573	4.184176	4.315629	4.71886	4.089509	4.168601	3.977951	3.992353	4.272007	4.501271	4.328131	3.191485	1.607883	1.429494	2.54787	1.895861	2.247907	2.233159
31/01/2014 09:00:00	16	21.24509	18.90376	21.44776	22.43593	21.56357	18.19159	20.02566	21.01822	20.44737	19.65417	19.93462	21.43989	21.1478	18.95506	20.31116	20.8163	20.95556	21.50665	8.7519	9.263233	9.021882	9.089888	9.251734	8.885284	10.35629	9.608168	10.17252	9.235119	8.467579	8.999331	10.14731	10.261	8.741674	9.03815	9.661666	9.261059	4.848102	4.675135	5.687754	4.709051	5.175868	5.087554	4.85083	4.521717	4.611516	5.111006	4.241234	4.542509	4.367989	4.216331	4.429846	4.778749	4.584059	3.508786	1.75391	1.587713	2.891626	2.008075	2.338293	2.230292
31/01/2014 13:06:00	20.1	23.0897	20.1099	22.97334	23.7702	22.50152	19.92633	21.21764	22.20891	21.78261	21.42877	21.67624	22.91642	22.75368	20.51358	21.34284	22.41352	22.54096	23.37291	9.554386	9.876698	9.491219	9.935998	9.814703	9.714369	11.06267	10.28	10.78332	9.686013	9.315905	9.715508	10.70057	10.7063	9.542164	9.699346	10.56021	10.04835	5.03585	5.04338	5.862967	5.136528	5.436352	5.633841	5.24408	5.100816	4.770978	5.347107	4.609755	4.945394	4.601983	4.617767	4.870067	5.112317	5.021551	3.749965	1.916964	1.732082	3.228545	2.067031	2.528286	2.425812
31/01/2014 17:00:00	24	23.72755	20.92168	23.25997	24.74645	23.52599	19.8795	21.9661	22.33681	22.35069	21.98355	22.33124	24.35672	23.05357	21.25179	21.5548	23.57372	23.27669	24.67942	10.02442	10.24376	9.965219	10.23444	10.56255	9.91614	11.42573	10.81178	11.10232	9.601743	9.721865	10.16022	10.40544	9.01929	9.267067	9.114512	10.66023	10.1376	5.189026	3.872714	4.066989	5.357503	5.945271	5.854712	5.124336	3.801703	4.881983	5.269672	4.909786	4.777057	4.531837	2.540893	3.316823	4.873211	5.565663	3.856031	1.763822	1.31462	1.830688	1.858283	2.681497	2.565898
31/01/2014 21:00:00	28	25.38458	22.94986	25.08033	26.48848	25.04539	21.31441	23.58076	24.19253	24.00779	23.49348	24.98518	25.72447	24.94823	23.27897	23.01337	25.53903	25.38607	25.78205	10.89049	11.28999	11.01266	11.26589	11.58163	11.0274	12.3509	11.91278	12.48356	10.1635	10.58418	10.96675	11.25794	8.815313	10.20181	9.906019	11.44562	11.0226	5.50505	4.12719	4.291867	5.768816	6.557111	5.981295	5.412452	3.695913	4.967015	5.618127	5.357192	5.333533	5.07132	2.696141	3.389181	5.323828	5.916052	4.139312	1.9486	1.29445	1.89403	2.134173	2.823379	2.797096
01/02/2014 01:00:00	32	27.06503	23.66828	26.65876	28.08659	27.84966	22.72335	25.16567	25.36352	25.93295	25.12568	26.16103	28.45739	26.84529	24.45326	24.91172	27.14743	27.82076	28.10548	11.93527	12.35193	11.83538	12.07173	12.49433	12.00611	13.62607	12.70553	13.28964	10.94617	10.91885	11.75501	12.482	9.209734	10.6834	10.7446	12.56573	11.81173	6.053857	4.41496	4.460688	6.348847	7.027347	6.667323	6.00288	4.195333	5.332876	6.074927	5.67698	5.694663	5.49151	2.635631	3.572233	5.783047	6.277077	4.383116	2.073386	1.354892	1.930364	2.257232	3.060275	2.943019
01/02/2014 05:00:00	36	29.30537	25.22363	28.54937	29.35292	29.40968	24.90239	26.92104	27.00562	27.73938	26.78416	28.25054	30.33954	28.54408	26.75767	26.57579	28.93364	29.34982	30.05744	12.75144	13.15422	12.65708	12.6644	13.48772	12.89494	14.65966	13.70379	14.08322	11.95765	11.55563	13.1355	13.30857	9.690712	11.45032	11.63461	13.34835	13.23908	6.467381	4.587028	4.490253	6.733807	7.566451	6.723826	6.523471	4.236259	5.655462	6.713569	5.976528	6.22558	5.927761	2.759623	3.799251	6.129462	6.644493	4.604574	2.302546	1.452703	2.110894	2.502694	3.459673	3.095676
01/02/2014 09:00:00	40	30.82038	26.89776	30.50353	31.87219	31.81908	26.24433	28.74564	28.34794	30.0471	28.48979	29.56724	32.15273	31.40877	27.88786	28.33357	30.39639	31.57462	32.00407	13.66051	13.79193	13.46323	13.24819	14.47222	13.13329	15.84459	14.72574	15.06193	12.48708	12.5966	13.46406	14.32585	10.39059	12.33995	12.40167	14.26814	14.18653	7.0442	4.891964	4.982661	7.166257	8.008262	7.764491	6.842708	4.462001	5.962644	7.263241	6.317109	6.537184	6.246305	2.803554	4.07856	6.564433	6.91009	5.020998	2.400461	1.539739	2.133655	2.677145	3.612297	3.420335
01/02/2014 13:06:00	44.1	32.67743	28.8964	32.70267	34.32067	33.7588	27.88188	30.55455	30.56964	32.06761	30.50829	31.82467	34.29028	32.92436	29.41098	30.8671	32.75385	34.1092	33.92912	14.45381	14.40871	14.313	14.23429	15.02518	14.21768	16.78793	15.24957	16.04187	13.33216	13.55849	13.99294	15.30279	10.69863	12.85128	13.01272	15.37643	14.37486	7.492437	5.314123	5.05008	7.631382	7.995274	8.202986	7.259373	4.541646	6.26088	7.649929	7.356113	6.938101	6.639277	2.6405	4.138725	7.048518	7.300231	5.322309	2.617429	1.730044	2.195513	2.763076	3.775144	3.723647
01/02/2014 17:00:00	48	35.12776	29.76476	34.17398	36.28056	36.62677	30.44941	33.21943	32.87342	34.24383	33.0679	33.45684	36.79794	35.00984	31.53324	32.56966	35.21358	36.46458	35.72101	15.28359	15.36607	15.52135	15.58027	16.32585	15.4894	18.33064	16.02689	17.16947	14.56586	14.29	15.04721	17.13075	11.29317	13.94593	13.83227	16.39862	16.08549	8.140059	5.408343	5.396288	8.353709	8.944	8.698433	8.133287	4.80068	6.708976	8.299693	7.387821	7.375592	7.301304	2.856536	4.434785	7.617705	7.924818	5.654772	2.831323	1.816113	2.257888	3.093398	3.953083	3.564841
01/02/2014 21:00:00	52	38.22166	32.62295	36.23863	38.83972	39.11666	32.9819	36.38991	34.94778	36.34612	36.07212	36.30374	39.02155	37.84023	33.21611	34.68281	37.25128	39.14622	38.36227	16.49619	16.50078	17.01001	16.55639	17.10713	16.41572	20.44202	17.15955	17.89626	15.39729	15.4539	16.04944	18.30536	11.68915	15.36545	14.53484	17.31971	16.7575	8.702477	5.495067	5.592361	8.997984	9.753815	9.558188	8.692666	5.000138	6.945595	8.622036	8.213417	7.85885	8.021386	2.831599	4.689088	7.978108	8.286672	5.754275	2.937251	1.758607	2.404295	3.183714	4.237573	3.984789
02/02/2014 01:00:00	56	41.3103	34.44781	38.43135	41.52406	41.6084	35.16771	39.18666	36.02287	37.63887	37.62094	38.77822	40.57752	40.89757	35.45656	36.0275	40.51154	41.31285	41.22044	18.47693	17.39911	17.52877	18.22364	18.15405	17.33007	21.68729	17.89276	19.808	16.65896	16.53705	17.30417	19.66632	12.23993	16.38494	15.39933	18.23369	18.12973	9.197231	5.580549	5.765569	9.804894	10.20892	9.964666	9.265375	5.168753	7.39756	9.568724	8.626699	8.556761	8.756424	2.964018	5.180116	8.455218	9.092409	6.339694	3.182782	1.919105	2.437313	3.446963	4.558535	4.393409
02/02/2014 05:00:00	60	43.87577	35.7055	41.14273	43.47058	43.75463	37.13784	42.22856	37.97592	40.89602	40.29461	41.44202	43.40411	43.47618	37.01008	38.67958	42.57381	43.46799	43.3663	20.14409	18.68665	18.17895	18.80951	19.18362	18.60235	23.39585	18.76845	20.57554	17.1485	17.84037	18.03237	21.20057	12.53854	17.37635	16.54841	19.44473	19.80611	10.2369	5.846906	5.868976	10.59602	10.88825	10.56235	9.845373	5.614776	8.375298	10.28166	9.022539	9.183279	9.339703	3.126588	5.25572	9.124115	9.688674	7.07829	3.554273	1.99274	2.475132	3.614266	4.941699	4.686567
02/02/2014 09:00:00	64	46.68473	37.91859	43.03427	46.83269	45.71034	39.98156	44.58018	39.6037	43.36694	42.72891	43.49235	45.99092	45.37339	38.04066	40.68897	45.26559	46.38048	45.6528	21.50492	19.27684	19.7086	19.53425	20.53496	20.43172	25.13145	20.15487	22.42557	18.35357	18.97198	19.30382	22.4628	13.19162	18.64207	17.30796	20.88472	21.94321	11.04571	5.940262	5.938569	11.19381	11.44497	11.2662	10.84017	5.818931	8.64946	10.46381	9.848653	9.615489	10.02552	3.107351	5.82197	9.73782	10.3086	7.539546	3.593404	2.026829	2.555744	3.761846	5.384925	5.218418
02/02/2014 13:06:00	68.1	49.19779	40.6538	46.1718	49.10739	49.04813	41.7385	47.83042	41.72607	46.27645	46.72614	45.8822	48.66862	48.65412	40.8811	43.75284	46.58135	48.79283	48.9845	22.96432	21.12124	21.38411	21.16787	21.64294	21.44341	26.5398	21.43505	23.32822	19.40832	20.41532	20.42658	24.68304	13.03831	19.03718	19.38805	22.38416	22.6118	11.97872	6.032894	6.053582	11.74407	11.6924	11.89002	11.31044	6.268132	9.052551	11.39565	10.50733	10.55875	11.13506	3.093881	6.132778	10.49103	11.04992	8.161679	3.947212	2.009456	2.6835	3.919858	5.576578	5.078643
02/02/2014 17:00:00	72	52.12636	42.87476	48.56991	51.355	51.80771	43.75573	50.78511	44.17588	47.85825	49.10833	49.68101	52.07563	52.26103	42.99896	45.29122	49.22966	52.2834	51.71543	24.3692	22.46598	22.40215	22.0078	23.1405	22.93214	28.37109	22.61708	24.64712	21.02692	21.65019	22.49039	26.32063	13.45971	20.40783	20.06203	24.14743	24.04482	12.68312	6.17146	6.199884	12.78514	12.84296	12.75969	12.37197	6.441444	9.523962	12.13662	11.68183	11.33624	11.69778	3.170901	6.227723	11.06898	11.55531	8.506056	4.33162	2.116214	2.722943	4.382322	5.698427	5.404371
02/02/2014 21:00:00	76	54.49386	44.22694	50.72785	54.56962	55.63222	46.98731	53.14063	47.39403	51.11413	51.33644	51.75187	54.89545	54.06202	44.79982	47.56725	52.23564	54.68183	54.0463	26.0225	24.09938	23.13315	24.01235	25.0593	24.90945	30.29081	23.77003	26.94584	22.24048	22.2114	23.85216	28.0056	14.11472	20.99476	22.16319	25.63301	25.94344	13.78032	6.396061	6.807097	13.68348	13.3448	13.84591	13.47608	6.63344	9.669817	13.0506	12.22266	11.97823	12.8202	3.217355	6.65817	11.92708	12.4877	9.009518	4.589032	2.294878	2.960357	4.620945	6.01003	5.410173
03/02/2014 01:00:00	80	56.93727	46.53421	53.94558	58.45401	57.93194	49.68284	56.00416	49.48553	53.77435	54.11596	54.62995	57.46943	57.94846	47.12157	50.86804	54.27567	57.21087	56.22175	27.71931	24.88547	24.71869	26.08311	26.74116	26.75204	33.09157	24.28551	28.49915	24.06595	24.14055	25.64759	29.32136	14.62778	22.94474	23.56502	27.27239	27.25236	14.47972	6.672297	7.084472	14.04568	14.18134	14.63646	14.20683	6.730562	10.25796	14.03483	12.61014	12.35753	13.59558	3.18026	7.071832	12.3939	12.74891	9.569898	4.928782	2.550391	3.068392	4.916383	6.205757	5.541969
03/02/2014 05:00:00	84	59.22452	48.67084	55.79296	60.98595	61.19947	52.57626	59.31351	51.38711	56.56246	57.23931	57.36188	60.5388	60.22225	49.87407	53.7349	57.64927	60.23869	59.07338	29.31839	26.38314	26.79542	27.92896	28.89112	28.24087	34.78403	25.64935	30.26956	25.85378	25.48049	27.58227	31.40296	14.89369	24.35745	24.84168	28.71232	29.2996	15.37867	7.063646	7.541307	14.94626	15.45742	15.24428	15.23576	7.032148	10.92158	15.21721	13.95695	13.05696	15.13155	3.397608	7.337083	13.1529	13.69107	10.28635	5.224635	2.668373	3.13588	5.408999	6.59279	6.05486
03/02/2014 09:00:00	88	61.24881	51.46651	57.9129	64.71565	62.79723	55.60946	61.01013	52.59637	59.33075	59.75916	60.4686	62.64429	63.67373	51.42275	56.9286	61.03143	63.24118	61.9086	30.86265	28.01748	27.98481	28.57513	30.73825	29.43157	37.04831	26.1669	31.40919	27.81785	27.25388	29.18932	33.68732	15.23371	26.10404	26.24361	30.02303	30.98882	16.61662	7.441596	8.02819	16.05703	15.96844	16.43388	16.43633	7.364021	11.44977	15.77614	14.44857	14.37787	16.45546	3.405034	7.780862	13.96109	14.22373	10.3241	5.540001	2.631279	3.120544	5.724814	7.177035	6.335619
03/02/2014 13:06:00	92.1	64.07991	53.85579	60.82885	67.16757	66.07379	57.26994	63.58183	55.04779	61.34204	61.84156	62.92361	66.16818	65.48157	52.56772	58.56216	64.14276	65.87208	64.15129	32.6961	29.05279	28.99888	29.57359	32.56338	30.97041	38.60577	27.37455	32.64879	29.01901	28.69325	31.08121	35.30873	16.06954	26.94653	26.82333	31.47943	31.93326	17.54031	7.447605	7.937492	16.73453	16.59983	17.56897	17.73403	7.712891	11.6476	16.78448	15.31112	14.93935	17.44146	3.387281	8.165306	14.53674	14.76784	10.63816	5.949485	2.536369	3.36231	6.091919	7.506942	6.511729
03/02/2014 17:00:00	96	67.67924	56.09852	62.93055	69.6123	68.3087	60.37799	66.84559	57.63548	63.53714	65.05817	65.21051	68.65436	68.64383	55.11462	61.9295	65.99693	68.42424	66.74365	35.0785	30.78187	30.16212	32.03864	33.49355	32.23575	40.98747	29.5042	34.55117	30.91732	30.14315	32.26359	37.37192	16.52175	28.73836	29.32495	32.53733	34.03635	19.23132	7.949787	8.499632	17.99292	17.45603	18.7193	19.09752	8.044179	12.066	17.97655	15.88424	16.27183	18.36791	3.585011	8.251373	15.15597	15.74941	11.47357	6.428423	2.562168	3.488754	6.406526	7.947474	6.676752
03/02/2014 21:00:00	100	69.94472	57.81707	64.50525	72.50331	71.77026	62.478	69.1125	58.68333	65.81175	67.92915	67.43592	70.62003	70.74891	56.41988	63.83022	69.21512	71.25107	69.38307	36.09188	32.07121	31.81666	32.9369	35.11861	34.45554	43.03444	30.7883	36.50089	32.20041	31.57573	34.03622	40.44674	16.7727	29.919	30.86894	34.60042	35.20968	20.34555	8.446619	9.003785	19.2365	18.02432	19.16145	20.29164	8.304113	13.30018	19.31563	16.71198	16.98994	20.16236	3.620758	8.587118	15.73438	16.91903	11.69226	6.725414	2.624475	3.630257	7.100982	8.382928	7.082919
04/02/2014 01:00:00	104	72.00625	59.97516	65.66727	74.19795	74.07486	64.71378	72.48535	61.58572	68.76713	69.62329	70.86687	73.13301	72.71057	57.73617	66.83541	71.41468	74.23725	71.11982	38.66085	33.49953	33.4976	35.33865	37.46484	36.40739	45.84387	32.21461	37.78261	33.19263	32.99609	35.69918	43.01354	18.07074	31.59065	32.29035	37.08215	37.85659	21.31897	8.69277	9.164869	20.29219	19.09265	20.48477	21.70514	8.67678	14.07811	19.63448	17.68471	17.96982	21.28543	3.743161	9.285406	16.32992	17.8059	12.35597	7.320263	2.566106	3.63972	7.542205	8.473834	7.095766
04/02/2014 05:00:00	108	75.39835	63.46674	68.32114	77.05177	76.08018	67.24342	75.31143	63.88631	71.91423	72.42633	73.4538	75.95152	76.45438	60.95111	69.3913	73.27889	76.39923	73.51469	41.92853	35.63469	35.51389	36.87823	39.11399	37.61536	49.15264	34.16103	39.81329	34.64831	34.99108	37.0928	45.06638	19.02237	33.11337	33.93789	39.33553	39.50672	22.24475	8.788576	9.348682	21.81083	19.65483	21.33565	23.38362	9.335938	15.07308	19.86903	19.2403	18.68176	21.92625	3.805261	9.527416	17.52234	19.63162	13.30249	8.044665	2.719765	3.926765	8.519977	9.004717	7.266488
04/02/2014 09:00:00	112	77.12643	64.83259	69.59772	77.70415	77.51215	68.38521	76.87459	66.71463	74.28513	73.75987	75.18067	77.74438	78.8237	62.99468	71.24087	75.57996	77.93348	75.55202	43.3112	36.95613	36.94608	38.06788	41.70444	39.29425	50.84752	34.90018	41.99799	35.30728	36.95157	39.24438	46.33989	19.77381	34.61248	35.42201	40.58428	41.68643	23.59116	9.202448	9.761618	21.76337	21.03659	23.17719	24.25149	9.747869	15.82687	21.43789	19.58765	19.21284	22.84545	3.745786	9.902083	18.27707	19.69793	13.15902	8.36846	2.796681	3.992767	8.837415	8.927524	7.52749
04/02/2014 13:06:00	116.1	78.71891	66.17352	71.90184	81.48112	80.545	69.76323	79.11036	69.53653	76.51131	74.83293	76.04274	80.16402	80.72729	64.87729	72.60419	76.82547	78.82602	78.28752	45.58297	38.06135	38.75466	39.27325	43.38963	40.9099	53.57943	36.50171	43.75598	35.98817	38.06411	40.75821	48.16972	20.61308	35.86263	37.6959	43.34069	43.55465	24.84261	9.27035	9.831454	23.18043	21.67747	24.28396	25.23735	10.39812	16.4431	22.52566	20.09687	19.94844	24.85829	3.829679	10.28193	18.51856	21.11378	13.88118	8.705376	2.958561	4.20117	9.165389	9.1227	7.646026
04/02/2014 17:00:00	120	80.85693	68.97498	74.82796	84.77349	84.89465	74.39337	81.99543	72.13756	79.51508	77.98846	78.88507	82.38519	83.36655	67.64764	74.94014	81.28706	82.36976	80.76756	47.71966	39.89479	41.1181	42.33642	45.53423	43.27098	55.87616	38.27887	46.19791	39.28951	39.76469	43.12324	50.68312	21.40345	37.80241	39.54755	45.88407	45.16284	26.95841	9.771635	10.45573	25.59664	23.47677	25.38921	27.63353	10.69511	17.2974	24.60968	22.31353	21.31269	26.69219	3.89278	11.03797	19.92647	21.59786	14.52462	9.331137	3.073123	4.289519	10.26287	9.877941	8.161679
04/02/2014 21:00:00	124	83.20219	70.44772	76.43563	86.1221	85.81056	76.74696	83.94138	73.04231	81.23922	79.70601	79.15164	83.4108	85.36958	68.73818	75.48059	81.91295	83.56939	82.40715	49.7351	41.37398	42.01142	42.71022	47.35227	44.13589	57.57438	39.30481	47.27592	39.83746	41.66342	44.93758	53.23175	21.66795	39.45851	40.89091	47.82493	47.97292	29.0922	9.570173	10.36538	26.12255	23.58944	26.46251	28.52267	11.40684	17.36848	25.61132	22.64938	22.12813	28.02971	3.938785	10.81337	19.46957	23.0659	15.0909	9.833491	3.054646	4.290692	10.30062	10.36938	8.80571
05/02/2014 01:00:00	128	84.28195	70.69228	78.29548	88.43037	87.53442	78.59952	85.84859	74.13451	83.05589	82.14958	83.01099	85.4034	87.16383	70.46848	77.33704	83.25044	85.33795	84.48511	51.37564	42.374	43.21159	43.80864	49.00582	45.92101	60.22504	40.51655	49.10583	42.48103	41.96044	46.86022	54.44801	22.77368	41.14061	42.8872	49.13354	49.23819	30.51731	9.661388	10.70261	26.77132	23.83966	26.77066	30.10921	11.28585	17.52673	26.0762	23.5428	23.16644	30.21303	4.101079	11.58947	20.43166	24.32136	15.84939	10.14686	3.297172	4.299327	11.12542	10.69546	8.579935
05/02/2014 05:00:00	132	85.65524	72.98018	80.19983	89.36801	88.10451	79.40894	87.32626	76.86696	84.05893	84.28644	83.81392	87.70853	88.66379	71.76759	79.66408	84.58699	87.59013	85.93867	53.57517	43.31792	45.41722	45.47248	50.58904	48.31803	62.80855	41.87721	50.70105	44.90813	44.69897	49.53851	57.51188	22.42457	42.40331	43.36749	49.85152	51.00631	32.2075	10.28145	10.93214	28.21379	25.70371	28.2091	31.21995	11.69447	18.32128	27.39714	24.07673	23.90666	31.89479	4.156857	11.8666	21.43187	25.15455	16.70935	10.41701	3.327841	4.408571	11.65244	11.24209	8.665761
05/02/2014 09:00:00	136	87.8002	74.12767	82.89705	91.1938	90.44263	82.36233	88.50761	77.28442	85.95068	85.65559	84.98031	88.44139	90.82175	72.80185	82.20466	85.15929	87.99434	87.36232	55.62696	44.67472	46.80486	47.34986	52.00869	50.22226	64.7901	43.49182	52.50014	44.98107	45.76237	49.75747	59.80244	23.06473	44.44141	45.70529	51.81886	52.21639	33.65295	10.951	11.69848	28.91019	26.64242	29.37779	33.26535	11.94176	18.5102	28.10217	25.91132	24.97697	33.2562	4.243789	11.82841	22.74232	26.64819	17.46732	11.42897	3.262081	4.646607	12.48173	11.54547	9.110334
05/02/2014 13:06:00	140.1	88.76411	76.2493	84.55777	91.69447	90.68864	84.56919	91.13491	77.43997	86.87409	86.49746	86.24578	90.08904	92.0701	72.85853	82.87676	87.81267	89.71726	88.25578	57.59995	46.28139	48.36023	48.96224	53.85636	51.75677	67.97517	44.00823	54.27086	46.96114	48.3423	52.09545	61.45286	24.00848	46.01514	46.66494	53.39993	54.91998	35.32489	11.19757	11.60926	30.84128	27.44988	30.05018	35.01978	12.41065	19.78479	29.02831	26.43729	25.83548	35.19382	4.48597	12.48926	23.06628	27.1025	17.91187	12.12253	3.445271	4.731674	13.05033	12.38046	9.270176
05/02/2014 17:00:00	144	91.09665	79.45802	86.34346	94.35973	93.13971	86.2988	92.69873	81.04201	89.04457	89.14894	88.0995	91.79185	94.19498	74.34139	86.3188	89.60177	89.8187	91.16465	60.6039	46.55228	50.8538	52.16667	57.64053	54.35276	70.48778	47.24649	57.79499	49.58253	51.74845	55.97421	64.69633	25.7523	48.96552	50.32193	55.87625	58.24457	37.49702	12.09521	12.87587	32.8461	29.27304	32.03957	37.63988	13.53514	20.83333	31.46061	28.42941	27.78881	37.14709	4.665602	13.75725	24.94319	30.58611	18.93467	13.25452	3.635575	5.097777	14.15461	12.85167	10.12762
05/02/2014 21:00:00	148	93.00883	80.3683	88.35308	95.06209	93.51727	88.49866	94.02094	81.1917	89.79108	88.8505	89.92139	92.50766	94.95807	75.97545	86.55766	89.34961	90.89998	91.7977	62.56287	48.85154	51.06915	53.31213	59.30912	56.51398	72.70177	47.37791	59.42039	51.00381	52.73116	57.94388	67.42459	26.22255	50.63982	50.72826	58.11177	60.16398	38.92836	12.3049	13.3592	33.24865	30.04894	32.43037	38.81296	13.76288	21.13675	32.52539	29.47913	28.3468	39.02243	4.627128	13.48744	26.04815	30.2592	19.77312	13.93498	3.450624	5.266392	14.3434	12.51723	10.00933
06/02/2014 01:00:00	152	93.88535	83.25541	89.30833	95.80076	94.77557	90.0593	94.75822	81.75101	91.51746	90.43949	90.16093	92.93513	95.68481	77.36539	88.28992	91.00224	92.97354	93.45911	64.68514	50.24125	52.01173	56.90215	60.03043	58.42371	74.93861	47.74438	59.79064	53.40017	54.2713	59.83857	69.68808	27.52673	52.22807	51.7169	59.63369	60.68398	41.22906	12.80573	13.42759	34.68387	31.14573	34.86109	41.01469	13.9021	21.1104	33.56974	29.60747	28.94842	41.209	4.640113	14.56392	26.62315	32.41358	20.11156	14.75806	3.620827	5.268844	15.18288	13.11833	10.57689
06/02/2014 05:00:00	156	94.41978	85.68686	89.80029	96.60052	95.35011	90.54869	95.20853	84.26295	92.07953	91.64943	91.46296	94.03033	95.62547	78.52056	89.04173	92.75308	94.26057	94.24393	67.07987	51.30142	54.39963	56.62432	61.76651	61.40358	76.6785	49.27075	61.32784	55.07367	56.55696	60.99244	70.39325	28.54394	54.13996	53.78603	61.81953	61.8656	43.09906	13.08517	13.61841	36.65907	32.1454	35.69518	42.07597	14.47488	21.84457	35.08939	30.43151	30.70371	41.72948	4.73568	14.2651	26.86308	32.1236	20.58825	15.54487	3.639513	5.529848	15.84162	13.45608	11.04118
06/02/2014 09:00:00	160	95.64243	86.98303	92.03436	96.99522	96.35271	91.96544	95.48163	84.75671	93.67826	92.53602	92.22061	95.14073	95.36516	78.19984	90.76543	93.3633	93.87547	94.71457	69.16251	53.84891	54.62011	57.5601	63.75051	63.45227	78.73638	51.52961	62.99645	56.69526	58.20354	62.97966	72.36449	29.37868	55.11308	56.06704	64.17689	64.92591	44.95223	13.75069	14.13755	37.57643	33.66297	37.05383	43.49842	14.98318	22.49696	36.09689	31.68089	30.98558	44.57432	4.75478	14.84844	27.63639	33.60079	21.30305	16.22748	3.722093	5.915154	16.86678	14.00233	10.98464
06/02/2014 13:06:00	164.1	95.30497	87.63403	92.868	97.10898	96.43539	92.98957	95.77617	85.96143	94.56796	93.16516	93.5408	95.52124	96.0801	79.00516	90.72446	93.98102	95.09355	95.49682	71.48509	54.66298	56.1345	59.75369	64.78413	64.59307	80.29463	52.31356	63.80149	57.23924	59.36032	64.82918	74.19992	29.91525	57.4949	57.48244	64.18449	67.09641	45.90931	14.04209	14.91027	38.70317	34.52231	37.29509	45.7676	14.90844	23.57129	38.28418	33.51175	32.26486	46.39149	4.991745	15.60652	28.75415	34.74773	22.39379	17.18159	3.642	6.002569	17.53146	14.08039	11.45263
06/02/2014 17:00:00	168	96.42252	89.40352	93.40096	97.19809	97.28963	93.98941	96.05348	86.59192	95.5383	94.5882	94.58844	96.20599	96.56516	81.82129	92.39468	95.09322	95.7075	95.65532	73.30687	57.4057	58.59562	60.86681	67.66211	66.84064	82.60955	53.73508	66.09153	58.43821	61.42278	67.24523	76.82215	31.16549	59.72587	59.29371	64.89165	68.91226	48.04895	14.23101	15.71114	40.19649	35.11207	39.42086	47.19719	15.60276	23.103	38.7987	34.53753	33.47038	48.51314	4.950023	16.32761	29.74731	38.03104	22.55619	18.21435	3.575445	6.224924	18.5667	14.34402	11.63931
06/02/2014 21:00:00	172	95.91145	90.36835	93.86252	97.91255	97.14464	94.42407	96.48852	87.41168	95.94095	94.42705	94.43057	96.23397	96.86169	83.64662	93.05844	95.55209	95.60786	95.38795	75.38599	58.52069	59.97807	62.89611	70.29295	69.96719	85.32838	55.32569	67.84576	60.85688	65.04796	68.99073	77.76759	31.62681	61.89134	61.60169	68.56013	71.0685	49.35061	14.78417	15.97639	40.7123	37.26894	40.81941	49.15655	16.32657	23.75232	40.26829	36.59416	34.13123	50.44102	5.218314	16.14562	30.79279	38.37937	23.60373	18.9498	3.741572	6.177262	19.18587	14.14757	12.06458
07/02/2014 01:00:00	176	96.74347	90.27112	95.14758	97.92668	97.2164	94.15309	96.57375	87.8681	96.0164	95.2085	94.69482	96.36977	96.57393	83.95253	92.82991	95.8804	96.06107	95.33836	78.11177	58.53671	61.79902	63.33437	70.93877	71.57314	85.4912	56.54536	68.82884	61.82593	65.10841	71.44451	80.31547	31.59206	63.43539	61.59317	69.62823	72.02393	51.34629	14.93707	16.60239	43.50408	38.1644	41.8336	51.01541	16.44652	25.50121	40.88348	35.90852	35.8218	50.85101	5.13083	16.85055	31.54088	39.17575	24.6215	19.58306	3.767027	6.561188	20.05512	14.01743	12.64033
07/02/2014 05:00:00	180	97.27422	90.61574	95.0966	98.01395	96.90715	94.69955	97.12073	87.78162	96.53938	94.98041	94.67876	96.04791	97.14011	84.32288	93.45714	96.02875	95.76446	95.88406	79.14066	59.61622	62.16535	66.08377	71.86239	72.7785	87.68995	56.68624	68.86519	64.42416	65.48768	72.34767	82.54202	32.11611	64.65213	64.24141	71.4315	74.38025	54.11786	15.4079	17.07145	45.3413	39.53059	43.26207	53.90842	16.59086	26.04246	42.87122	37.97192	36.88011	53.33022	5.224739	17.75299	32.76766	41.17909	26.04287	20.9299	3.833444	6.494563	20.64893	14.52714	12.40599
07/02/2014 09:00:00	184	97.76628	91.41219	95.86203	98.11719	97.16263	95.49461	97.59926	89.08063	97.07748	95.99828	95.04662	96.71725	97.69324	85.42496	94.32121	96.93758	96.80727	96.49255	81.31607	62.33426	66.1968	66.85445	73.82163	75.83878	89.07873	57.29073	72.01422	66.03397	68.21698	75.08945	85.11245	34.15253	68.40837	66.00439	73.0274	76.48279	56.32726	16.19774	18.22326	46.7347	41.49262	46.21791	56.50219	17.45607	26.96144	44.78723	39.73302	37.96208	56.30442	5.5275	19.14391	33.68085	42.98895	26.36628	22.20107	4.003923	6.699062	22.01633	15.80484	12.88154
07/02/2014 13:06:00	188.1	97.43158	91.55382	96.23079	98.24104	96.90076	95.58828	97.27163	89.00551	96.76592	95.36099	95.33228	96.65019	97.55293	84.54786	93.85544	96.16413	96.32183	96.73456	83.02656	61.73918	65.83713	67.01709	74.12395	76.31299	91.39986	60.54559	72.61397	66.16113	69.15944	76.64998	86.22292	34.29297	69.0993	66.492	75.21158	77.69815	58.08204	16.2577	18.0812	47.78366	41.5292	46.42276	58.81227	17.69611	27.3014	44.94352	40.39419	39.18383	57.63589	5.428444	18.43211	34.61028	43.88407	27.08516	22.67884	3.858	6.815249	22.77382	16.21659	13.1776
07/02/2014 17:00:00	192	97.49536	91.33025	96.42474	98.31882	96.97208	96.15761	97.49992	89.25349	96.66089	95.49717	94.69202	96.80605	97.49008	86.07419	93.69487	96.82954	96.33862	97.29942	84.43478	63.10085	68.18504	69.60619	75.65076	78.12735	92.81501	61.45906	74.87901	67.58363	70.28849	77.81353	87.22755	35.30307	69.64258	66.61545	76.13533	79.7277	59.75326	16.35897	18.99093	49.7709	42.51408	48.79576	61.10107	18.27742	28.65215	47.95808	41.29019	40.62856	59.87789	5.470857	20.26563	36.40965	45.44461	28.72969	23.83376	3.938301	7.178038	23.94638	16.61555	13.9603
07/02/2014 21:00:00	196	98.01903	92.19274	96.4986	97.79768	96.82829	95.50155	97.14546	88.58128	96.51725	95.59608	94.45422	96.46285	97.16145	86.03378	93.76229	96.20858	96.48413	97.11993	86.21576	63.18979	69.10536	71.72849	77.20158	79.38545	92.8843	61.24406	76.3389	69.2403	71.78119	79.42607	87.54893	35.53973	71.83107	68.69238	76.76112	81.39849	61.9575	16.94242	19.61825	50.70166	43.24136	50.26649	63.60197	19.19772	28.83437	49.71938	42.4064	41.02567	61.25742	5.315885	21.23356	37.21415	46.1393	29.52794	24.98114	3.929494	7.436933	25.23265	16.8128	14.39855
08/02/2014 01:00:00	200	97.74515	92.41859	95.84749	98.04207	96.3686	95.81215	97.095	88.62852	96.76184	95.68803	94.64311	96.74036	97.18251	85.67853	93.91018	96.12708	95.94136	96.7097	87.15134	64.91489	71.82492	73.64607	77.86824	80.72881	93.02003	61.74803	76.74551	72.40898	72.7794	80.12447	88.57243	35.5257	73.20493	70.38658	78.37001	81.6037	62.49342	17.3596	20.11805	51.77183	44.02264	50.889	65.55845	19.15375	30.8839	51.11592	43.21741	40.79503	63.16989	5.671937	21.57082	38.42257	47.24838	30.671	26.10359	3.875511	7.361745	26.09789	16.3485	14.46967
08/02/2014 05:00:00	204	97.72552	91.34646	95.97939	97.94249	96.83604	96.04843	96.74495	87.97917	96.41194	94.75644	94.46738	96.8644	97.07144	85.58482	94.14635	96.25141	95.77077	97.01215	88.30113	66.43059	72.01912	75.7151	79.75333	82.05087	92.62773	61.86506	77.66124	73.02275	72.82019	82.62889	89.79383	36.27293	74.47985	71.60533	79.05797	83.31779	65.2172	17.76117	20.57948	52.77853	45.62283	52.32259	68.26291	19.34502	30.80249	51.95159	45.88717	42.98167	66.30308	5.882757	22.20176	38.8215	48.05265	31.2645	27.31787	4.04081	7.67977	26.85963	17.02718	14.62688
08/02/2014 09:00:00	208	97.52531	91.16171	95.62405	97.86945	96.20862	96.01003	96.76927	88.57339	96.089	95.17656	95.14978	96.93823	97.08744	85.3986	93.18295	95.91856	95.94312	96.9954	88.6347	67.19647	74.21715	76.12193	81.11574	83.70268	92.77115	63.48589	79.48323	74.8269	75.03401	84.04675	89.43495	37.01951	75.6702	72.8526	79.78838	85.66457	66.48175	17.45303	20.87529	53.01057	45.64347	53.22785	70.16878	20.44747	32.05273	53.77466	45.58189	43.35703	66.9995	5.750511	23.42741	39.87694	48.94838	33.05665	28.53123	4.162935	7.841338	27.80853	17.45151	14.89918
08/02/2014 13:06:00	212.1	97.70318	91.10217	95.73161	97.52824	96.3907	95.67017	96.19536	87.5784	96.32003	95.15776	95.54521	96.85109	96.91026	85.68864	93.4481	96.60611	96.56453	96.8474	89.13426	67.15987	74.94252	76.72946	81.92235	85.79816	93.44827	64.65492	80.05014	74.48376	76.38673	86.46616	90.42136	38.0026	75.89805	74.35655	82.64191	87.88219	69.19499	17.62889	21.49902	55.25803	47.56078	55.89227	72.57275	20.57695	32.11749	56.25435	47.62623	44.40925	68.68264	5.945616	23.93177	40.81651	50.2019	33.61772	29.58599	4.205142	8.201431	28.75228	18.29748	15.5218
08/02/2014 17:00:00	216	97.72653	91.98168	95.68986	97.117	96.561	95.95693	96.84004	88.74112	96.33409	95.30151	95.14551	96.62587	97.42114	85.68665	94.28689	96.38297	96.60221	97.08437	89.80803	69.65958	75.90573	78.88739	83.67122	86.98172	94.09589	65.47607	80.70001	77.39206	77.60834	86.37692	91.07969	38.93491	78.95753	75.83116	84.3754	87.51671	69.60816	18.08828	21.84792	56.78626	47.9108	58.46419	75.17538	20.40952	34.11979	57.6183	48.93044	46.59853	71.23843	6.047711	24.1304	42.01871	51.32535	34.94077	30.17259	4.320119	8.249647	30.1511	18.98147	15.32445
08/02/2014 21:00:00	220	97.72318	91.97235	94.68034	97.43447	96.54681	95.89053	97.16104	88.91049	96.58498	94.93724	95.50636	96.39981	97.06744	85.92641	94.07938	96.32559	96.64272	96.71259	90.96699	68.79388	77.41414	81.18651	84.8893	88.07695	94.11786	67.1141	82.98238	79.30396	79.77355	88.82507	91.26903	40.0432	79.0399	76.59718	85.68478	89.88564	72.10413	18.72372	22.01015	59.65796	48.42471	58.81903	77.34889	22.09936	34.48483	58.61491	49.97497	47.48017	72.66087	6.336897	24.04616	43.37885	51.97791	35.00594	31.3819	4.340877	8.157016	31.33462	19.48362	16.09993
09/02/2014 01:00:00	224	98.43601	91.54124	96.20876	96.9556	95.97925	95.79472	97.03967	88.98862	96.30138	94.68069	95.63784	96.42818	97.12318	84.83549	93.87218	96.28062	96.43977	96.82556	90.74584	68.36133	78.94624	83.23776	85.94623	89.50558	94.30053	67.9178	83.50211	78.76982	80.782	89.89386	91.78754	40.11042	80.49879	78.32605	87.60347	90.1313	72.70715	18.59337	22.52048	59.08538	49.43733	60.31197	80.72177	21.04018	35.50556	59.52955	50.70029	49.5358	73.38193	6.570581	23.78053	43.71383	53.28384	36.83407	32.92195	4.421936	8.558141	31.88505	19.46791	16.50002
09/02/2014 05:00:00	228	97.88834	91.61835	95.29115	97.56181	95.90959	95.69632	97.3712	88.44562	96.29403	95.19859	95.26976	96.89219	97.37866	86.44928	93.66029	96.20565	96.52478	96.81618	90.89329	70.83802	80.26014	83.46577	87.55933	90.22062	94.10912	68.27115	85.41048	81.38176	82.30281	90.19655	91.6162	40.57474	80.79803	79.74286	87.27325	91.72914	74.4803	19.51229	22.28831	59.35918	51.64941	62.62025	81.9567	21.35264	36.72382	61.09233	51.55663	51.2702	75.54697	6.688184	24.5623	45.2045	54.50147	37.87766	34.12312	4.582884	8.798491	32.89277	20.16564	17.24148
09/02/2014 09:00:00	232	98.56767	90.4619	94.86546	97.21502	96.19003	95.34151	97.16066	88.778	95.49994	94.7592	95.09884	96.37955	97.16621	85.27238	93.26018	96.39854	96.12009	96.92831	90.07469	72.48003	80.96533	84.66117	88.49686	90.54297	93.3432	69.83192	86.46085	82.86633	82.01594	91.70514	91.3503	41.81538	83.18216	80.84145	88.28455	91.94023	75.70729	19.19405	23.11412	61.48034	53.05108	62.14478	83.73904	21.85134	38.11322	62.5678	53.28736	52.23427	77.72104	6.775841	25.07339	45.39294	54.72524	39.35327	35.86057	4.394272	9.119279	34.16963	20.61066	17.49302
09/02/2014 13:06:00	236.1	97.7333	92.07158	95.64481	97.24562	96.30539	95.70174	97.22928	88.72409	96.21135	94.9572	95.2774	96.90642	97.2327	85.64879	93.35819	96.75111	96.1872	96.46655	90.46674	73.33232	81.79659	85.43182	89.5368	91.21107	93.61909	69.5118	87.57169	84.80374	83.09681	91.47857	91.35751	42.08738	83.46181	82.16615	89.40997	91.35033	77.75923	19.58779	23.728	63.74847	53.54926	65.08704	84.48562	22.77686	37.65448	63.31874	53.77462	52.7322	78.60515	6.668704	26.06512	46.76261	56.17674	40.91712	36.72155	4.445007	9.314834	35.22266	20.61049	18.27745
09/02/2014 17:00:00	240	98.78723	91.46754	96.08159	97.31238	96.59834	95.42778	96.98907	89.02802	96.00822	95.20702	95.81966	96.7482	97.411	85.76483	93.43964	97.05669	95.91791	96.77811	90.0096	74.47491	83.58418	87.06126	90.25195	92.22559	93.90805	70.48819	88.6279	85.14854	83.3145	91.63232	92.66132	43.08206	85.68631	83.57758	90.22532	92.13934	79.65364	19.7658	24.26279	63.50768	54.53764	67.66353	86.88227	22.74909	39.51771	64.5644	56.43508	53.19258	80.90071	6.838113	27.28627	47.63773	58.53389	42.86692	37.81247	4.400316	9.450779	36.83987	21.87517	18.38739
09/02/2014 21:00:00	244	98.52356	91.645	96.07436	97.1734	95.88127	95.97448	97.43454	88.33758	96.02691	95.38847	95.5009	96.08528	97.37836	86.11208	93.91298	96.94876	96.27676	96.95647	90.63698	75.04427	84.16027	88.34653	90.6398	91.50903	93.8933	71.65388	89.93064	87.25412	83.4777	92.1714	91.79228	43.70457	86.36017	84.30505	90.27557	92.68208	80.28925	20.78028	24.91227	66.57217	56.82415	68.30771	87.88489	23.41443	39.49863	65.25676	57.613	55.65733	81.09499	6.992948	26.95243	47.81626	58.69518	42.16111	39.27207	4.576218	10.16837	38.32761	21.79635	19.02544
10/02/2014 01:00:00	248	98.9239	92.30602	96.0313	97.13327	96.63489	95.95836	97.52814	88.41176	95.9597	95.67953	95.86406	96.94241	97.48839	86.46997	93.41878	96.88663	96.21418	96.7	90.58655	76.2272	86.30098	89.37711	91.28357	92.32782	94.49004	72.84993	90.07324	87.90948	84.26851	92.66609	92.86354	44.51	86.81161	85.98899	91.67229	92.73413	81.90642	20.71901	25.7664	67.64029	58.04556	70.00086	89.01945	24.46856	40.66568	66.72181	56.85302	56.01767	82.14031	7.129235	28.05426	49.07658	59.27248	43.84483	41.50641	4.529868	10.02867	40.08849	22.68685	19.88516
10/02/2014 05:00:00	252	98.44119	91.99678	95.76379	97.20082	95.84831	96.31409	97.46729	88.29409	95.92599	95.73261	96.18689	96.71146	97.00299	85.52679	94.3062	96.94379	96.12752	96.90431	91.38773	76.80284	86.10922	89.53238	90.60292	93.2532	94.46573	72.77876	91.15733	88.40897	85.86766	92.81656	93.09985	45.51447	88.50142	86.98341	92.17178	93.14458	82.63614	20.94047	25.91888	68.49168	59.7896	72.72726	89.11956	24.63344	42.41769	68.93001	58.54134	57.98695	82.2037	7.651552	27.5814	50.90997	61.3103	43.57935	43.58003	4.506762	10.49969	41.72952	23.04995	20.257
10/02/2014 09:00:00	256	98.27721	92.28171	95.33411	97.43661	95.869	96.12756	97.48676	88.32327	95.76357	95.88264	95.48901	96.87154	97.41742	86.42082	94.22655	96.44078	95.65729	96.76772	90.98146	78.69025	87.02596	90.13811	90.6881	92.56255	94.99432	72.73927	91.20093	88.28227	84.97395	93.31584	92.32903	46.7676	88.39276	87.66644	91.92484	93.1469	83.96619	20.92789	26.54309	71.10532	59.31821	73.80344	89.31169	26.52737	43.06213	69.4046	58.70886	59.67441	83.4987	7.57422	28.3095	50.11378	61.9594	45.54512	45.99398	4.510802	11.15112	43.27254	22.85768	21.33765
10/02/2014 13:06:00	260.1	98.3765	91.70441	95.88647	97.43233	95.75385	96.06508	97.39735	88.44647	96.06284	95.12408	95.22308	96.66907	97.49937	85.85498	93.26301	96.93074	96.00912	96.46628	91.55593	78.54967	88.13925	90.99162	91.04414	92.86261	94.83452	73.05341	90.87012	87.78977	84.57286	92.6003	92.06865	46.75584	88.45653	86.82105	92.03781	93.02536	84.46593	21.85258	27.43037	70.56943	59.6709	74.10281	89.28153	25.96634	44.91914	71.23712	61.60798	59.47226	85.07708	7.278299	29.02837	51.93731	62.78616	46.42897	47.11237	4.617733	10.94182	47.04838	24.08564	21.3302
10/02/2014 17:00:00	264	98.79399	92.93204	96.28788	97.82161	97.06972	96.27728	98.01236	89.41115	96.53047	95.82849	95.8535	96.9106	97.96857	86.78015	94.3446	97.35867	96.25427	97.34969	91.86491	79.16725	88.47331	92.0724	91.96662	93.78819	95.05501	75.51237	92.15144	89.62391	86.21548	93.17241	92.95845	48.02709	89.01221	88.80871	92.37524	94.5804	85.61269	22.08344	27.64945	74.66106	63.15419	76.54163	90.54759	24.69958	47.08672	72.23292	62.82652	62.1129	85.14891	7.160905	30.10727	53.67367	65.99217	47.742	49.85825	4.538261	11.34629	46.28056	25.00611	22.50328
10/02/2014 21:00:00	268	98.78923	92.31618	95.61384	97.41337	96.99038	96.7367	97.79788	89.49847	95.97482	95.58649	95.44926	96.98126	97.86119	87.26642	94.47401	97.04247	95.94292	97.12756	92.46956	79.83145	88.79924	91.97281	90.36168	93.91112	95.14516	75.01886	91.9967	89.09151	86.57614	93.74458	93.30249	47.92602	88.70136	88.54007	91.73871	93.51109	85.35902	22.66495	28.68635	75.30051	62.45102	77.03566	90.52752	26.49055	48.17826	73.69692	64.30116	63.0257	85.66672	7.972756	28.74741	54.38128	65.87309	48.75179	51.3401	4.830591	11.52302	49.20366	25.33595	22.8785
11/02/2014 01:00:00	272	98.39011	91.9162	95.31294	97.84219	96.65827	97.04752	97.74117	89.40021	96.20302	94.9209	95.57606	97.23502	97.58233	86.76558	94.13861	96.92528	96.09119	96.84774	92.2804	81.57624	88.34793	91.6057	91.42054	93.82677	95.12318	76.26593	91.89807	90.00407	86.91278	93.26746	93.68233	49.51591	89.4661	89.06895	92.02724	93.98982	86.47263	23.15498	28.78188	76.09323	64.83784	78.9966	90.14059	27.5249	48.32151	74.62325	64.42353	64.67979	85.7113	8.516697	29.99389	55.7397	67.09337	50.29291	51.39233	4.916694	12.10088	50.58374	26.26502	23.25303
11/02/2014 05:00:00	276	98.48119	92.35849	96.214	97.49413	96.70645	96.56494	97.38318	89.1058	96.31357	95.38817	95.3358	96.89026	97.82779	87.98701	94.32422	96.81296	96.27579	97.03552	92.31936	81.56257	88.61639	92.74152	91.55776	94.00163	95.42242	76.3441	92.21159	90.23645	84.92625	94.17043	94.04684	49.95462	89.71947	88.99466	92.97554	93.71981	87.47223	23.75805	29.73364	76.61983	66.68887	80.6941	90.86458	27.15669	50.16056	75.77627	66.68622	66.10924	86.46088	9.979206	30.61308	56.81874	70.66474	52.03176	55.17358	4.905953	12.26956	52.21672	26.47778	23.44472
11/02/2014 09:00:00	280	98.62376	92.22815	95.95241	98.02794	96.04739	96.56132	98.09125	90.2151	96.20558	95.69144	95.20152	96.79562	97.80148	87.51077	94.88398	97.20024	96.65968	97.19305	92.22932	81.34152	89.65088	93.18399	91.61824	93.75714	95.70837	77.58485	92.78421	90.55557	86.24105	93.3631	94.42708	51.53186	89.77311	89.48458	92.53159	93.68828	88.05902	24.832	30.53423	77.64143	67.99714	81.41525	91.6868	28.16703	51.19366	77.83948	69.15147	67.81618	86.19387	9.701763	33.35288	58.14672	71.70658	53.79715	57.98318	4.938349	12.37307	56.67764	27.67525	24.90015
